connector,conectorChannel,stripNb,axis,pitch(mm),interpitch(mm),neighbours(:separated)
0,0,31,x,2,0,1
0,1,30,x,2,0,0:2
0,2,29,x,2,0,1:3
0,3,28,x,2,0,2:4
0,4,27,x,2,0,3:5
0,5,26,x,2,0,4:6
0,6,25,x,2,0,5:7
0,7,24,x,2,0,6:8
0,8,23,x,2,0,7:9
0,9,22,x,2,0,8:10
0,10,21,x,2,0,9:11
0,11,20,x,2,0,10:12
0,12,19,x,2,0,11:13
0,13,18,x,2,0,12:14
0,14,17,x,2,0,13:15
0,15,16,x,2,0,14:16
0,16,15,x,2,0,15:17
0,17,14,x,2,0,16:18
0,18,13,x,2,0,17:19
0,19,12,x,2,0,18:20
0,20,11,x,2,0,19:21
0,21,10,x,2,0,20:22
0,22,9,x,2,0,21:23
0,23,8,x,2,0,22:24
0,24,7,x,2,0,23:25
0,25,6,x,2,0,24:26
0,26,5,x,2,0,25:27
0,27,4,x,2,0,26:28
0,28,3,x,2,0,27:29
0,29,2,x,2,0,28:30
0,30,1,x,2,0,29:31
0,31,0,x,2,0,30
0,32,0,y,2,0,33
0,33,1,y,2,0,32:34
0,34,2,y,2,0,33:35
0,35,3,y,2,0,34:36
0,36,4,y,2,0,35:37
0,37,5,y,2,0,36:38
0,38,6,y,2,0,37:39
0,39,7,y,2,0,38:40
0,40,8,y,2,0,39:41
0,41,9,y,2,0,40:42
0,42,10,y,2,0,41:43
0,43,11,y,2,0,42:44
0,44,12,y,2,0,43:45
0,45,13,y,2,0,44:46
0,46,14,y,2,0,45:47
0,47,15,y,2,0,46:48
0,48,16,y,2,0,47:49
0,49,17,y,2,0,48:50
0,50,18,y,2,0,49:51
0,51,19,y,2,0,50:52
0,52,20,y,2,0,51:53
0,53,21,y,2,0,52:54
0,54,22,y,2,0,53:55
0,55,23,y,2,0,54:56
0,56,24,y,2,0,55:57
0,57,25,y,2,0,56:58
0,58,26,y,2,0,57:59
0,59,27,y,2,0,58:60
0,60,28,y,2,0,59:61
0,61,29,y,2,0,60:62
0,62,30,y,2,0,61:63
0,63,31,y,2,0,62
1,0,32,y,1,0,1
1,1,33,y,1,0,0:2
1,2,34,y,1,0,1:3
1,3,35,y,1,0,2:4
1,4,36,y,1,0,3:5
1,5,37,y,1,0,4:6
1,6,38,y,1,0,5:7
1,7,39,y,1,0,6:8
1,8,40,y,1,0,7:9
1,9,41,y,1,0,8:10
1,10,42,y,1,0,9:11
1,11,43,y,1,0,10:12
1,12,44,y,1,0,11:13
1,13,45,y,1,0,12:14
1,14,46,y,1,0,13:15
1,15,47,y,1,0,14:16
1,16,48,y,1,0,15:17
1,17,49,y,1,0,16:18
1,18,50,y,1,0,17:19
1,19,51,y,1,0,18:20
1,20,52,y,1,0,19:21
1,21,53,y,1,0,20:22
1,22,54,y,1,0,21:23
1,23,55,y,1,0,22:24
1,24,56,y,1,0,23:25
1,25,57,y,1,0,24:26
1,26,58,y,1,0,25:27
1,27,59,y,1,0,26:28
1,28,60,y,1,0,27:29
1,29,61,y,1,0,28:30
1,30,62,y,1,0,29:31
1,31,63,y,1,0,30
1,32,32,x,1,0,33
1,33,33,x,1,0,32:34
1,34,34,x,1,0,33:35
1,35,35,x,1,0,34:36
1,36,36,x,1,0,35:37
1,37,37,x,1,0,36:38
1,38,38,x,1,0,37:39
1,39,39,x,1,0,38:40
1,40,40,x,1,0,39:41
1,41,41,x,1,0,40:42
1,42,42,x,1,0,41:43
1,43,43,x,1,0,42:44
1,44,44,x,1,0,43:45
1,45,45,x,1,0,44:46
1,46,46,x,1,0,45:47
1,47,47,x,1,0,46:48
1,48,48,x,1,0,47:49
1,49,49,x,1,0,48:50
1,50,50,x,1,0,49:51
1,51,51,x,1,0,50:52
1,52,52,x,1,0,51:53
1,53,53,x,1,0,52:54
1,54,54,x,1,0,53:55
1,55,55,x,1,0,54:56
1,56,56,x,1,0,55:57
1,57,57,x,1,0,56:58
1,58,58,x,1,0,57:59
1,59,59,x,1,0,58:60
1,60,60,x,1,0,59:61
1,61,61,x,1,0,60:62
1,62,62,x,1,0,61:63
1,63,63,x,1,0,62
2,0,64,x,0.8,0,1
2,1,65,x,0.8,0,0:2
2,2,66,x,0.8,0,1:3
2,3,67,x,0.8,0,2:4
2,4,68,x,0.8,0,3:5
2,5,69,x,0.8,0,4:6
2,6,70,x,0.8,0,5:7
2,7,71,x,0.8,0,6:8
2,8,72,x,0.8,0,7:9
2,9,73,x,0.8,0,8:10
2,10,74,x,0.8,0,9:11
2,11,75,x,0.8,0,10:12
2,12,76,x,0.8,0,11:13
2,13,77,x,0.8,0,12:14
2,14,78,x,0.8,0,13:15
2,15,79,x,0.8,0,14:16
2,16,80,x,0.8,0,15:17
2,17,81,x,0.8,0,16:18
2,18,82,x,0.8,0,17:19
2,19,83,x,0.8,0,18:20
2,20,84,x,0.8,0,19:21
2,21,85,x,0.8,0,20:22
2,22,86,x,0.8,0,21:23
2,23,87,x,0.8,0,22:24
2,24,88,x,0.8,0,23:25
2,25,89,x,0.8,0,24:26
2,26,90,x,0.8,0,25:27
2,27,91,x,0.8,0,26:28
2,28,92,x,0.8,0,27:29
2,29,93,x,0.8,0,28:30
2,30,94,x,0.8,0,29:31
2,31,95,x,0.8,0,30
2,32,95,y,0.8,0,33
2,33,94,y,0.8,0,32:34
2,34,93,y,0.8,0,33:35
2,35,92,y,0.8,0,34:36
2,36,91,y,0.8,0,35:37
2,37,90,y,0.8,0,36:38
2,38,89,y,0.8,0,37:39
2,39,88,y,0.8,0,38:40
2,40,87,y,0.8,0,39:41
2,41,86,y,0.8,0,40:42
2,42,85,y,0.8,0,41:43
2,43,84,y,0.8,0,42:44
2,44,83,y,0.8,0,43:45
2,45,82,y,0.8,0,44:46
2,46,81,y,0.8,0,45:47
2,47,80,y,0.8,0,46:48
2,48,79,y,0.8,0,47:49
2,49,78,y,0.8,0,48:50
2,50,77,y,0.8,0,49:51
2,51,76,y,0.8,0,50:52
2,52,75,y,0.8,0,51:53
2,53,74,y,0.8,0,52:54
2,54,73,y,0.8,0,53:55
2,55,72,y,0.8,0,54:56
2,56,71,y,0.8,0,55:57
2,57,70,y,0.8,0,56:58
2,58,69,y,0.8,0,57:59
2,59,68,y,0.8,0,58:60
2,60,67,y,0.8,0,59:61
2,61,66,y,0.8,0,60:62
2,62,65,y,0.8,0,61:63
2,63,64,y,0.8,0,62
3,0,96,x,1.5,0,1
3,1,97,x,1.5,0,0:2
3,2,98,x,1.5,0,1:3
3,3,99,x,1.5,0,2:4
3,4,100,x,1.5,0,3:5
3,5,101,x,1.5,0,4:6
3,6,102,x,1.5,0,5:7
3,7,103,x,1.5,0,6:8
3,8,104,x,1.5,0,7:9
3,9,105,x,1.5,0,8:10
3,10,106,x,1.5,0,9:11
3,11,107,x,1.5,0,10:12
3,12,108,x,1.5,0,11:13
3,13,109,x,1.5,0,12:14
3,14,110,x,1.5,0,13:15
3,15,111,x,1.5,0,14:16
3,16,112,x,1.5,0,15:17
3,17,113,x,1.5,0,16:18
3,18,114,x,1.5,0,17:19
3,19,115,x,1.5,0,18:20
3,20,116,x,1.5,0,19:21
3,21,117,x,1.5,0,20:22
3,22,118,x,1.5,0,21:23
3,23,119,x,1.5,0,22:24
3,24,120,x,1.5,0,23:25
3,25,121,x,1.5,0,24:26
3,26,122,x,1.5,0,25:27
3,27,123,x,1.5,0,26:28
3,28,124,x,1.5,0,27:29
3,29,125,x,1.5,0,28:30
3,30,126,x,1.5,0,29:31
3,31,127,x,1.5,0,30
3,32,127,y,1.5,0,33
3,33,126,y,1.5,0,32:34
3,34,125,y,1.5,0,33:35
3,35,124,y,1.5,0,34:36
3,36,123,y,1.5,0,35:37
3,37,122,y,1.5,0,36:38
3,38,121,y,1.5,0,37:39
3,39,120,y,1.5,0,38:40
3,40,119,y,1.5,0,39:41
3,41,118,y,1.5,0,40:42
3,42,117,y,1.5,0,41:43
3,43,116,y,1.5,0,42:44
3,44,115,y,1.5,0,43:45
3,45,114,y,1.5,0,44:46
3,46,113,y,1.5,0,45:47
3,47,112,y,1.5,0,46:48
3,48,111,y,1.5,0,47:49
3,49,110,y,1.5,0,48:50
3,50,109,y,1.5,0,49:51
3,51,108,y,1.5,0,50:52
3,52,107,y,1.5,0,51:53
3,53,106,y,1.5,0,52:54
3,54,105,y,1.5,0,53:55
3,55,104,y,1.5,0,54:56
3,56,103,y,1.5,0,55:57
3,57,102,y,1.5,0,56:58
3,58,101,y,1.5,0,57:59
3,59,100,y,1.5,0,58:60
3,60,99,y,1.5,0,59:61
3,61,98,y,1.5,0,60:62
3,62,97,y,1.5,0,61:63
3,63,96,y,1.5,0,62
