connector,conectorChannel,stripNb,axis,pitch(mm),interpitch(mm),neighbours(:separated),xGerber,yGerber
0,0,0,y,1,0.75,1,-113.875,-13.55
0,1,1,y,1,0.75,0:2,-112.875,-13.55
0,2,2,y,1,0.75,1:3,-111.875,-13.55
0,3,3,y,1,0.75,2:4,-110.875,-13.55
0,4,4,y,1,0.75,3:5,-109.875,-13.55
0,5,5,y,1,0.75,4:6,-108.875,-13.55
0,6,6,y,1,0.75,5:7,-107.875,-13.55
0,7,7,y,1,0.75,6:8,-106.875,-13.55
0,8,8,y,1,0.75,7:9,-105.875,-13.55
0,9,9,y,1,0.75,8:10,-104.875,-13.55
0,10,10,y,1,0.75,9:11,-103.875,-13.55
0,11,11,y,1,0.75,10:12,-102.875,-13.55
0,12,12,y,1,0.75,11:13,-101.875,-13.55
0,13,13,y,1,0.75,12:14,-100.875,-13.55
0,14,14,y,1,0.75,13:15,-99.875,-13.55
0,15,15,y,1,0.75,14:16,-98.875,-13.55
0,16,16,y,1,0.75,15:17,-97.875,-13.55
0,17,17,y,1,0.75,16:18,-96.875,-13.55
0,18,18,y,1,0.75,17:19,-95.875,-13.55
0,19,19,y,1,0.75,18:20,-94.875,-13.55
0,20,20,y,1,0.75,19:21,-93.875,-13.55
0,21,21,y,1,0.75,20:22,-92.875,-13.55
0,22,22,y,1,0.75,21:23,-91.875,-13.55
0,23,23,y,1,0.75,22:24,-90.875,-13.55
0,24,24,y,1,0.75,23:25,-89.875,-13.55
0,25,25,y,1,0.75,24:26,-88.875,-13.55
0,26,26,y,1,0.75,25:27,-87.875,-13.55
0,27,27,y,1,0.75,26:28,-86.875,-13.55
0,28,28,y,1,0.75,27:29,-85.875,-13.55
0,29,29,y,1,0.75,28:30,-84.875,-13.55
0,30,30,y,1,0.75,29:31,-83.875,-13.55
0,31,31,y,1,0.75,30:32,-82.875,-13.55
0,32,32,y,1,0.75,31:33,-81.875,-13.55
0,33,33,y,1,0.75,32:34,-80.875,-13.55
0,34,34,y,1,0.75,33:35,-79.875,-13.55
0,35,35,y,1,0.75,34:36,-78.875,-13.55
0,36,36,y,1,0.75,35:37,-77.875,-13.55
0,37,37,y,1,0.75,36:38,-76.875,-13.55
0,38,38,y,1,0.75,37:39,-75.875,-13.55
0,39,39,y,1,0.75,38:40,-74.875,-13.55
0,40,40,y,1,0.75,39:41,-73.875,-13.55
0,41,41,y,1,0.75,40:42,-72.875,-13.55
0,42,42,y,1,0.75,41:43,-71.875,-13.55
0,43,43,y,1,0.75,42:44,-70.875,-13.55
0,44,44,y,1,0.75,43:45,-69.875,-13.55
0,45,45,y,1,0.75,44:46,-68.875,-13.55
0,46,46,y,1,0.75,45:47,-67.875,-13.55
0,47,47,y,1,0.75,46:48,-66.875,-13.55
0,48,48,y,1,0.75,47:49,-65.875,-13.55
0,49,49,y,1,0.75,48:50,-64.875,-13.55
0,50,50,y,1,0.75,49:51,-63.875,-13.55
0,51,51,y,1,0.75,50:52,-62.875,-13.55
0,52,52,y,1,0.75,51:53,-61.875,-13.55
0,53,53,y,1,0.75,52:54,-60.875,-13.55
0,54,54,y,1,0.75,53:55,-59.875,-13.55
0,55,55,y,1,0.75,54:56,-58.875,-13.55
0,56,56,y,1,0.75,55:57,-57.875,-13.55
0,57,57,y,1,0.75,56:58,-56.875,-13.55
0,58,58,y,1,0.75,57:59,-55.875,-13.55
0,59,59,y,1,0.75,58:60,-54.875,-13.55
0,60,60,y,1,0.75,59:61,-53.875,-13.55
0,61,61,y,1,0.75,60:62,-52.875,-13.55
0,62,62,y,1,0.75,61:63,-51.875,-13.55
0,63,63,y,1,0.75,62,-50.875,-13.55
1,0,64,y,1.5,1.12,1,-49.8125,-13.55
1,1,65,y,1.5,1.12,0:2,-48.3125,-13.55
1,2,66,y,1.5,1.12,1:3,-46.8125,-13.55
1,3,67,y,1.5,1.12,2:4,-45.3125,-13.55
1,4,68,y,1.5,1.12,3:5,-43.8125,-13.55
1,5,69,y,1.5,1.12,4:6,-42.3125,-13.55
1,6,70,y,1.5,1.12,5:7,-40.8125,-13.55
1,7,71,y,1.5,1.12,6:8,-39.3125,-13.55
1,8,72,y,1.5,1.12,7:9,-37.8125,-13.55
1,9,73,y,1.5,1.12,8:10,-36.3125,-13.55
1,10,74,y,1.5,1.12,9:11,-34.8125,-13.55
1,11,75,y,1.5,1.12,10:12,-33.3125,-13.55
1,12,76,y,1.5,1.12,11:13,-31.8125,-13.55
1,13,77,y,1.5,1.12,12:14,-30.3125,-13.55
1,14,78,y,1.5,1.12,13:15,-28.8125,-13.55
1,15,79,y,1.5,1.12,14:16,-27.3125,-13.55
1,16,80,y,1.5,1.12,15:17,-25.8125,-13.55
1,17,81,y,1.5,1.12,16:18,-24.3125,-13.55
1,18,82,y,1.5,1.12,17:19,-22.8125,-13.55
1,19,83,y,1.5,1.12,18:20,-21.3125,-13.55
1,20,84,y,1.5,1.12,19:21,-19.8125,-13.55
1,21,85,y,1.5,1.12,20:22,-18.3125,-13.55
1,22,86,y,1.5,1.12,21:23,-16.8125,-13.55
1,23,87,y,1.5,1.12,22:24,-15.3125,-13.55
1,24,88,y,1.5,1.12,23:25,-13.8125,-13.55
1,25,89,y,1.5,1.12,24:26,-12.3125,-13.55
1,26,90,y,1.5,1.12,25:27,-10.8125,-13.55
1,27,91,y,1.5,1.12,26:28,-9.3125,-13.55
1,28,92,y,1.5,1.12,27:29,-7.8125,-13.55
1,29,93,y,1.5,1.12,28:30,-6.3125,-13.55
1,30,94,y,1.5,1.12,29:31,-4.8125,-13.55
1,31,95,y,1.5,1.12,30,-3.3125,-13.55
1,32,96,y,0.5,0.37,33,-1.9375,-13.55
1,33,97,y,0.5,0.37,32:34,-1.4375,-13.55
1,34,98,y,0.5,0.37,33:35,-0.9375,-13.55
1,35,99,y,0.5,0.37,34:36,-0.4375,-13.55
1,36,100,y,0.5,0.37,35:37,0.0625,-13.55
1,37,101,y,0.5,0.37,36:38,0.5625,-13.55
1,38,102,y,0.5,0.37,37:39,1.0625,-13.55
1,39,103,y,0.5,0.37,38:40,1.5625,-13.55
1,40,104,y,0.5,0.37,39:41,2.0625,-13.55
1,41,105,y,0.5,0.37,40:42,2.5625,-13.55
1,42,106,y,0.5,0.37,41:43,3.0625,-13.55
1,43,107,y,0.5,0.37,42:44,3.5625,-13.55
1,44,108,y,0.5,0.37,43:45,4.0625,-13.55
1,45,109,y,0.5,0.37,44:46,4.5625,-13.55
1,46,110,y,0.5,0.37,45:47,5.0625,-13.55
1,47,111,y,0.5,0.37,46:48,5.5625,-13.55
1,48,112,y,0.5,0.37,47:49,6.0625,-13.55
1,49,113,y,0.5,0.37,48:50,6.5625,-13.55
1,50,114,y,0.5,0.37,49:51,7.0625,-13.55
1,51,115,y,0.5,0.37,50:52,7.5625,-13.55
1,52,116,y,0.5,0.37,51:53,8.0625,-13.55
1,53,117,y,0.5,0.37,52:54,8.5625,-13.55
1,54,118,y,0.5,0.37,53:55,9.0625,-13.55
1,55,119,y,0.5,0.37,54:56,9.5625,-13.55
1,56,120,y,0.5,0.37,55:57,10.0625,-13.55
1,57,121,y,0.5,0.37,56:58,10.5625,-13.55
1,58,122,y,0.5,0.37,57:59,11.0625,-13.55
1,59,123,y,0.5,0.37,58:60,11.5625,-13.55
1,60,124,y,0.5,0.37,59:61,12.0625,-13.55
1,61,125,y,0.5,0.37,60:62,12.5625,-13.55
1,62,126,y,0.5,0.37,61:63,13.0625,-13.55
1,63,127,y,0.5,0.37,62,13.5625,-13.55
2,0,0,x,1,0.1,1,-113.875,-13.55
2,1,1,x,1,0.1,0:2,-113.875,-12.55
2,2,2,x,1,0.1,1:3,-113.875,-11.55
2,3,3,x,1,0.1,2:4,-113.875,-10.55
2,4,4,x,1,0.1,3:5,-113.875,-9.55
2,5,5,x,1,0.1,4:6,-113.875,-8.55
2,6,6,x,1,0.1,5:7,-113.875,-7.55
2,7,7,x,1,0.1,6:8,-113.875,-6.55
2,8,8,x,1,0.1,7:9,-113.875,-5.55
2,9,9,x,1,0.1,8:10,-113.875,-4.55
2,10,10,x,1,0.1,9:11,-113.875,-3.55
2,11,11,x,1,0.1,10:12,-113.875,-2.55
2,12,12,x,1,0.1,11:13,-113.875,-1.55
2,13,13,x,1,0.1,12:14,-113.875,-0.55
2,14,14,x,1,0.1,13:15,-113.875,0.45
2,15,15,x,1,0.1,14:16,-113.875,1.45
2,16,16,x,1,0.1,15:17,-113.875,2.45
2,17,17,x,1,0.1,16:18,-113.875,3.45
2,18,18,x,1,0.1,17:19,-113.875,4.45
2,19,19,x,1,0.1,18:20,-113.875,5.45
2,20,20,x,1,0.1,19:21,-113.875,6.45
2,21,21,x,1,0.1,20:22,-113.875,7.45
2,22,22,x,1,0.1,21:23,-113.875,8.45
2,23,23,x,1,0.1,22:24,-113.875,9.45
2,24,24,x,1,0.1,23:25,-113.875,10.45
2,25,25,x,1,0.1,24:26,-113.875,11.45
2,26,26,x,1,0.1,25:27,-113.875,12.45
2,27,27,x,1,0.1,26:28,-113.875,13.45
2,28,28,x,1,0.1,27:29,-113.875,14.45
2,29,29,x,1,0.1,28:30,-113.875,15.45
2,30,30,x,1,0.1,29:31,-113.875,16.45
2,31,31,x,1,0.1,30:32,-113.875,17.45
2,32,32,x,1,0.1,31:33,-113.875,18.45
2,33,33,x,1,0.1,32:34,-113.875,19.45
2,34,34,x,1,0.1,33:35,-113.875,20.45
2,35,35,x,1,0.1,34:36,-113.875,21.45
2,36,36,x,1,0.1,35:37,-113.875,22.45
2,37,37,x,1,0.1,36:38,-113.875,23.45
2,38,38,x,1,0.1,37:39,-113.875,24.45
2,39,39,x,1,0.1,38:40,-113.875,25.45
2,40,40,x,1,0.1,39:41,-113.875,26.45
2,41,41,x,1,0.1,40:42,-113.875,27.45
2,42,42,x,1,0.1,41:43,-113.875,28.45
2,43,43,x,1,0.1,42:44,-113.875,29.45
2,44,44,x,1,0.1,43:45,-113.875,30.45
2,45,45,x,1,0.1,44:46,-113.875,31.45
2,46,46,x,1,0.1,45:47,-113.875,32.45
2,47,47,x,1,0.1,46:48,-113.875,33.45
2,48,48,x,1,0.1,47:49,-113.875,34.45
2,49,49,x,1,0.1,48:50,-113.875,35.45
2,50,50,x,1,0.1,49:51,-113.875,36.45
2,51,51,x,1,0.1,50:52,-113.875,37.45
2,52,52,x,1,0.1,51:53,-113.875,38.45
2,53,53,x,1,0.1,52:54,-113.875,39.45
2,54,54,x,1,0.1,53:55,-113.875,40.45
2,55,55,x,1,0.1,54:56,-113.875,41.45
2,56,56,x,1,0.1,55:57,-113.875,42.45
2,57,57,x,1,0.1,56:58,-113.875,43.45
2,58,58,x,1,0.1,57:59,-113.875,44.45
2,59,59,x,1,0.1,58:60,-113.875,45.45
2,60,60,x,1,0.1,59:61,-113.875,46.45
2,61,61,x,1,0.1,60:62,-113.875,47.45
2,62,62,x,1,0.1,61:63,-113.875,48.45
2,63,63,x,1,0.1,62,-113.875,49.45
3,0,64,x,1.5,0.1,1,-113.875,50.7
3,1,65,x,1.5,0.1,0:2,-113.875,52.2
3,2,66,x,1.5,0.1,1:3,-113.875,53.7
3,3,67,x,1.5,0.1,2:4,-113.875,55.2
3,4,68,x,1.5,0.1,3:5,-113.875,56.7
3,5,69,x,1.5,0.1,4:6,-113.875,58.2
3,6,70,x,1.5,0.1,5:7,-113.875,59.7
3,7,71,x,1.5,0.1,6:8,-113.875,61.2
3,8,72,x,1.5,0.1,7:9,-113.875,62.7
3,9,73,x,1.5,0.1,8:10,-113.875,64.2
3,10,74,x,1.5,0.1,9:11,-113.875,65.7
3,11,75,x,1.5,0.1,10:12,-113.875,67.2
3,12,76,x,1.5,0.1,11:13,-113.875,68.7
3,13,77,x,1.5,0.1,12:14,-113.875,70.2
3,14,78,x,1.5,0.1,13:15,-113.875,71.7
3,15,79,x,1.5,0.1,14:16,-113.875,73.2
3,16,80,x,1.5,0.1,15:17,-113.875,74.7
3,17,81,x,1.5,0.1,16:18,-113.875,76.2
3,18,82,x,1.5,0.1,17:19,-113.875,77.7
3,19,83,x,1.5,0.1,18:20,-113.875,79.2
3,20,84,x,1.5,0.1,19:21,-113.875,80.7
3,21,85,x,1.5,0.1,20:22,-113.875,82.2
3,22,86,x,1.5,0.1,21:23,-113.875,83.7
3,23,87,x,1.5,0.1,22:24,-113.875,85.2
3,24,88,x,1.5,0.1,23:25,-113.875,86.7
3,25,89,x,1.5,0.1,24:26,-113.875,88.2
3,26,90,x,1.5,0.1,25:27,-113.875,89.7
3,27,91,x,1.5,0.1,26:28,-113.875,91.2
3,28,92,x,1.5,0.1,27:29,-113.875,92.7
3,29,93,x,1.5,0.1,28:30,-113.875,94.2
3,30,94,x,1.5,0.1,29:31,-113.875,95.7
3,31,95,x,1.5,0.1,30,-113.875,97.2
3,32,96,x,0.5,0.1,33,-113.875,98.2
3,33,97,x,0.5,0.1,32:34,-113.875,98.7
3,34,98,x,0.5,0.1,33:35,-113.875,99.2
3,35,99,x,0.5,0.1,34:36,-113.875,99.7
3,36,100,x,0.5,0.1,35:37,-113.875,100.2
3,37,101,x,0.5,0.1,36:38,-113.875,100.7
3,38,102,x,0.5,0.1,37:39,-113.875,101.2
3,39,103,x,0.5,0.1,38:40,-113.875,101.7
3,40,104,x,0.5,0.1,39:41,-113.875,102.2
3,41,105,x,0.5,0.1,40:42,-113.875,102.7
3,42,106,x,0.5,0.1,41:43,-113.875,103.2
3,43,107,x,0.5,0.1,42:44,-113.875,103.7
3,44,108,x,0.5,0.1,43:45,-113.875,104.2
3,45,109,x,0.5,0.1,44:46,-113.875,104.7
3,46,110,x,0.5,0.1,45:47,-113.875,105.2
3,47,111,x,0.5,0.1,46:48,-113.875,105.7
3,48,112,x,0.5,0.1,47:49,-113.875,106.2
3,49,113,x,0.5,0.1,48:50,-113.875,106.7
3,50,114,x,0.5,0.1,49:51,-113.875,107.2
3,51,115,x,0.5,0.1,50:52,-113.875,107.7
3,52,116,x,0.5,0.1,51:53,-113.875,108.2
3,53,117,x,0.5,0.1,52:54,-113.875,108.7
3,54,118,x,0.5,0.1,53:55,-113.875,109.2
3,55,119,x,0.5,0.1,54:56,-113.875,109.7
3,56,120,x,0.5,0.1,55:57,-113.875,110.2
3,57,121,x,0.5,0.1,56:58,-113.875,110.7
3,58,122,x,0.5,0.1,57:59,-113.875,111.2
3,59,123,x,0.5,0.1,58:60,-113.875,111.7
3,60,124,x,0.5,0.1,59:61,-113.875,112.2
3,61,125,x,0.5,0.1,60:62,-113.875,112.7
3,62,126,x,0.5,0.1,61:63,-113.875,113.2
3,63,127,x,0.5,0.1,62,-113.875,113.7
